-2.0726391048797245e-003 4.6830964554689394e-002
-5.9225082975111996e-003 -1.2483156817406122e-002
7.1131662468720182e-003 -1.3102777653713565e-002
5.4358895189455204e-003 -9.2063848214709589e-004
9.7258055452451742e-003 3.2561024126332584e-002
1.7622865531851796e-003 -3.5181767758756758e-003
2.6550050919968049e-003 3.8655283100455934e-002
7.1873845583890874e-003 -6.7092100539749401e-003
-1.9378033194460543e-003 -2.2540263396713681e-002
4.3126270811293986e-003 1.6233969060020292e-002
-5.1194273098482823e-001 -1.5223027030699112e-004
-5.1629237206975287e-001 4.4832194168176999e-002
-5.0898383457914897e-001 -2.9103618606203908e-002
-5.0707159051319584e-001 2.7914149644429034e-002
-5.1911615705201453e-001 2.2184080345632962e-002
-5.1129116236062488e-001 1.1794644779999081e-001
-5.1651385723128329e-001 1.7490968296919465e-001
-5.1272417700813933e-001 2.5095782547044682e-001
-5.0796813860513257e-001 3.3989074618219128e-001
-5.1781154941962804e-001 4.2206307414259514e-001
-5.1608129042540252e-001 4.6310594560306989e-001
-5.1695280068885230e-001 5.1704891503061357e-001
-5.1207620650763330e-001 6.6149938306621392e-001
-5.1427166213432962e-001 7.3566721223426357e-001
-5.1753577400821515e-001 7.0674122562300867e-001
-5.1798862813104529e-001 8.4453498466500232e-001
-5.2278403677880092e-001 8.7370928122199865e-001
-5.1924524541815587e-001 9.4995335238548173e-001
-5.2131026681391623e-001 9.2868373682747396e-001
-2.6965010230008163e-001 9.5741451612350736e-001
-2.7857799263238930e-001 9.8191151417517064e-001
-2.6182917402164657e-001 1.0687096775708245e+000
-2.6931635515882352e-001 1.0358247315882263e+000
-2.6135045893289749e-001 1.0983572752160042e+000
-2.7374743919142186e-001 1.0442862896969776e+000
-2.7271640647751105e-001 1.0690283397722873e+000
-2.6166685476690754e-001 1.0473590808415940e+000
-2.6788667387793907e-001 1.0149619002955714e+000
-2.6050329428549523e-001 9.8937173787332011e-001
-2.6112784321473081e-001 1.0261008010836816e+000
-2.6323847915762760e-001 9.6848634619672813e-001
-2.7707688190568330e-001 9.7065508618422491e-001
-2.7124089183840600e-001 9.2668640821834614e-001
-2.7364126059541810e-001 9.2385552306729712e-001
-2.7125825538902903e-001 8.5660492351900763e-001
-2.6535168270695292e-001 8.7281688944406632e-001
-2.6729671125309212e-001 8.8356494405987351e-001
-2.6493149584875886e-001 8.6633990669563998e-001
9.6426827414811755e-001 7.8693342936429544e-001
9.8227312175637582e-001 8.2796498871922841e-001
9.6403043474379724e-001 8.3326233199811184e-001
9.6838810994919855e-001 7.9036146202151181e-001
9.7142869236689378e-001 6.9220128972988049e-001
9.6562487286888654e-001 5.4209283714282075e-001
9.6445877789641843e-001 4.5014378006488903e-001
9.6813868892656341e-001 1.9662433191366302e-001
9.7742509562068092e-001 -5.4601941173787909e-002
9.8272306999308878e-001 -1.8570044072717090e-001
9.6500584959841429e-001 -3.8439433093523340e-001
9.6832667264669925e-001 -5.5098419653712249e-001
9.7369927407025048e-001 -7.6105583625518480e-001
9.7058205518804153e-001 -9.1679258862490642e-001
9.7988325070908022e-001 -1.1168548196654113e+000
9.7444172329137480e-001 -1.2441972376433479e+000
9.7535240671771584e-001 -1.2973171795082423e+000
9.6935523484795072e-001 -1.4451517183859548e+000
9.6901501923139910e-001 -1.5852049208898682e+000
7.1215864093777548e-001 -1.6253790132698303e+000
7.1748873567171212e-001 -1.7732565657948200e+000
7.0483861989869367e-001 -1.8393053983330541e+000
7.1253804358544481e-001 -1.9001387047979761e+000
7.1243846252802201e-001 -1.9474297086980847e+000
7.0572360581618765e-001 -1.9259867211340576e+000
7.0913812599903059e-001 -2.0137202264164205e+000
7.1882787981790397e-001 -1.9906150450062572e+000
7.1621797273957410e-001 -1.9489247851925586e+000
7.0093295402632549e-001 -1.9961902951805346e+000
7.0670172906740214e-001 -1.9856674467392934e+000
7.0243031618363894e-001 -1.9124718956747753e+000
7.0185022897641258e-001 -1.9418640609480693e+000
7.0656354283223588e-001 -1.9825264012869102e+000
7.0681326149180623e-001 -1.9463379439752557e+000
7.0871095276634255e-001 -1.9160401800261624e+000
7.0366198255148527e-001 -1.9244596282703226e+000
7.1403025395954201e-001 -1.8743263889119635e+000
7.1654651952375503e-001 -1.9452109579996582e+000
4.4598042161064599e-001 -1.8506607388147214e+000
4.4045951796276628e-001 -1.9151245953707021e+000
4.4841082053431147e-001 -1.8470688798419896e+000
4.4764731004764469e-001 -1.8423538361728067e+000
4.4785389890422828e-001 -1.8540491151676639e+000
4.4511492261710955e-001 -1.8200011988117679e+000
4.3906737725361167e-001 -1.7970608038190574e+000
4.4824705196338438e-001 -1.7839847209796307e+000
4.5686987572246374e-001 -1.7414822556887424e+000
4.5646564864695266e-001 -1.6634363511941153e+000
4.3988498146859795e-001 -1.5888019379633898e+000
4.5108384653446215e-001 -1.5324936436544652e+000
4.4999863033108856e-001 -1.5831371389801006e+000
4.5105418414691306e-001 -1.4626507063298779e+000
4.4228427120627473e-001 -1.4549844408107151e+000
4.4748555268751616e-001 -1.4132465028432064e+000
4.5213430730024751e-001 -1.3990832028260216e+000
4.4504998755006275e-001 -1.4055423614110731e+000
4.4819780346033805e-001 -1.4176485254509248e+000
-5.3284101493465441e-001 -1.3608395836508063e+000
-5.4070692198957049e-001 -1.3183007731361109e+000
-5.4699134817514028e-001 -1.3486226308224396e+000
-5.3410437929216326e-001 -1.3395537718117752e+000
-5.4559209389530017e-001 -1.2944840254346435e+000
-5.4631212576484756e-001 -1.1015298689658612e+000
-5.5007262073789698e-001 -9.3684841591298429e-001
-5.3740404287341526e-001 -7.8243319645664311e-001
-5.3820156369130745e-001 -6.8112096032024882e-001
-5.3249022516471578e-001 -5.1067842122674989e-001
-5.3768268261498997e-001 -2.9783365714421611e-001
-5.4965502363957675e-001 -2.0180138272001713e-001
-5.4801010741805056e-001 -1.4485307280993575e-002
-5.4663412783078325e-001 1.4458321650681139e-001
-5.4906083769067004e-001 2.6124147422189986e-001
-5.4011032527575276e-001 2.9497590865356260e-001
-5.3638842794335961e-001 4.4551066338401824e-001
-5.3333522606703920e-001 5.2057510573555454e-001
-5.4131321450679160e-001 5.6383231733074746e-001
1.8974033115599995e-001 7.3834160431677032e-001
1.8470966235622213e-001 7.7972691387877602e-001
1.8632968972112787e-001 8.2411735491584337e-001
1.8604804733671870e-001 8.6803079723756738e-001
1.7618281314342607e-001 8.8233623102925496e-001
1.7759082642494739e-001 8.4226984651376680e-001
1.8475037123583554e-001 8.0080632974409238e-001
1.8070486763858451e-001 7.4177517347631183e-001
1.7599556300506553e-001 6.5368435785192847e-001
1.8884657873059904e-001 5.1945059217456302e-001
1.8344266412658414e-001 4.4040100317610265e-001
1.8409951232157523e-001 4.0787721598414073e-001
1.8320020310146487e-001 3.3586198401101258e-001
1.9258036596144962e-001 2.2166345255676426e-001
1.9032055040088461e-001 2.0177405148809341e-001
1.9329693724161973e-001 1.4684275923479112e-001
1.8964145516967251e-001 4.9080332841705550e-002
1.8283396227477719e-001 -1.9723289180872398e-002
1.7451133049282233e-001 -1.3154144637351737e-002
4.3759388051541703e-001 -3.0998886215614932e-002
4.5044544188215713e-001 -9.4566051661267997e-002
4.4418842425826227e-001 -1.6289526717188688e-001
4.3672460122039186e-001 -2.1557605414754316e-001
4.3508856626836107e-001 -1.7572666236948031e-001
4.4405277804926413e-001 -2.6034238566292905e-001
4.3168179525310668e-001 -3.1364926537482091e-001
4.3312825130824201e-001 -3.9333856922595700e-001
4.3499688280897020e-001 -4.8921982698856620e-001
4.4974590144702131e-001 -5.3587970135377982e-001
4.3846205109485037e-001 -5.2516653662593882e-001
4.3871875104424352e-001 -6.3300190054949568e-001
4.3589319058035181e-001 -6.7239790811098199e-001
4.4677565570389566e-001 -7.4415104903048834e-001
4.5018163122725197e-001 -7.4697664892630244e-001
4.5008364919981797e-001 -8.0235325098648980e-001
4.3208537171342593e-001 -8.5074846885388022e-001
4.4677984175494617e-001 -8.2080181309041755e-001
4.4817226577453895e-001 -8.4759474191738771e-001
-7.8286708748442257e-001 -9.3966170990791897e-001
-7.6695081758800976e-001 -8.8315838356536913e-001
-7.7381422332445815e-001 -9.8870649646343334e-001
-7.6700466206755713e-001 -9.6373772897297116e-001
-7.6950524925069808e-001 -9.3807634320228050e-001
-7.7104429565853272e-001 -8.6663494211738090e-001
-7.7807217522154792e-001 -6.3077442054307720e-001
-7.7019404940592440e-001 -5.1824088195984708e-001
-7.6586765805090518e-001 -3.0885966572174495e-001
-7.8162646707870720e-001 -7.6621320640705287e-002
-7.8139413269187230e-001 4.9978328239225461e-002
-7.7700882082980438e-001 2.3509420646020909e-001
-7.7181078816362580e-001 3.8127157712150206e-001
-7.8130824912189001e-001 5.8410724178533235e-001
-7.6459983413553223e-001 6.5057810076017197e-001
-7.7825780317490389e-001 8.3330826809331926e-001
-7.7509203316830089e-001 9.1769409832048865e-001
-7.7405192422198432e-001 1.0307529683938823e+000
-7.7182295635435749e-001 1.1047118677906547e+000
-5.2576676567572200e-001 1.2054085906086531e+000
-5.1297114483392336e-001 1.2352640515974187e+000
-5.2195994499761955e-001 1.3419049928454132e+000
-5.2214740113706959e-001 1.4417198134897713e+000
-5.2592171011757061e-001 1.4145995410560175e+000
-5.2137339580837139e-001 1.4618966490165670e+000
-5.2666114311050616e-001 1.4555304084428942e+000
-5.2712755214374762e-001 1.4968030698748651e+000
-5.2382787639993367e-001 1.5375370026420354e+000
-5.2321798823845111e-001 1.5329478863445360e+000
-5.1387756103967808e-001 1.5160087914439195e+000
-5.2288396011128313e-001 1.4783250755950830e+000
-5.1964849265040791e-001 1.4580037960874666e+000
-5.2048385064964953e-001 1.4099537759185106e+000
-5.3127832983036383e-001 1.4321545627903574e+000
-5.2397477936869985e-001 1.4362757647565543e+000
-5.1510874602859069e-001 1.4711715755317050e+000
-5.2030840622287933e-001 1.4578501810948592e+000
-5.3152219687981195e-001 1.4479658156512123e+000
5.0126770962737810e-001 1.3805789268536199e+000
4.9597376712220714e-001 1.3790754567230126e+000
4.9539199988210381e-001 1.3616832166140291e+000
4.8947211740687524e-001 1.3783213780040005e+000
4.9916138520755265e-001 1.3745202217110064e+000
5.0181094888148459e-001 1.2493766347556865e+000
4.8902620280708126e-001 1.0767575706130594e+000
4.9183878435476580e-001 8.9070616309556017e-001
4.9947888834549331e-001 7.5531234000839553e-001
4.9589975917385709e-001 5.8683295412723135e-001
4.9604611351761285e-001 4.0296320369849026e-001
5.0142184747556451e-001 2.6496807630184344e-001
4.9713396357378631e-001 9.7126267850550868e-002
4.9302586855515501e-001 3.8446656719939111e-002
4.8950155539357759e-001 -6.7199156004906585e-002
5.0310018312127025e-001 -2.0661432962928974e-001
5.0131572743952724e-001 -3.5932236165985715e-001
4.9078670220923221e-001 -4.4230619514311270e-001
4.8976355318348702e-001 -4.6452410927820542e-001
5.7403490658525402e-001 -5.5759851719008513e-001
5.6560261431224157e-001 -6.4910085231587655e-001
5.7016002771173468e-001 -7.1370374985630525e-001
5.7273718893244951e-001 -7.4380805976659770e-001
5.7106606939537197e-001 -8.6374793871015720e-001
5.7621987443745493e-001 -8.4889475533476411e-001
5.7853199732616534e-001 -9.4903414684347875e-001
5.6591489392965544e-001 -9.6674625264313385e-001
5.6522402362235991e-001 -1.0104411450113908e+000
5.6567925554505261e-001 -1.1033860070841528e+000
5.7613624328179069e-001 -1.1470254777490720e+000
5.7618998113078457e-001 -1.1016604410286508e+000
5.8123360378959521e-001 -1.1469121067482326e+000
5.7207972873713975e-001 -1.2208215136050893e+000
5.6711280268611541e-001 -1.1827890791233227e+000
5.7322067613683436e-001 -1.2085381721458224e+000
5.7004340849479285e-001 -1.2817407132135876e+000
5.6847503620159467e-001 -1.3434978236593662e+000
5.6638674912415388e-001 -1.2832402133730318e+000
-2.7045661195743553e-001 -1.3118421633726751e+000
-2.6112699676900186e-001 -1.3691260864381798e+000
-2.6520933417007997e-001 -1.3850029323522672e+000
-2.6262467262827699e-001 -1.3991120158078438e+000
-2.7732572058762034e-001 -1.3319630618638429e+000
-2.7193010386254562e-001 -1.2816821173444992e+000
-2.7087827223755478e-001 -1.1886691305378789e+000
-2.7604776678712289e-001 -1.0735694448163493e+000
-2.7310524868523289e-001 -9.3116928194075077e-001
-2.7217989239914181e-001 -8.1090226509741703e-001
-2.6372045857913040e-001 -6.3533299542188892e-001
-2.5998656945046877e-001 -5.7874161854299155e-001
-2.7784602141082276e-001 -4.0203202966670937e-001
-2.7174860432474041e-001 -2.8611850642191622e-001
-2.6134156519037199e-001 -2.1849043924093270e-001
-2.5982040046368204e-001 -1.7108983698875685e-001
-2.6854379788841626e-001 -9.1352242584637325e-002
-2.7218033951947335e-001 -4.1221055613507706e-003
-2.7157160659013707e-001 4.0966306330233668e-002
-1.3938233727471322e-001 1.4742303417534627e-001
-1.3489744924727862e-001 1.8243656419758641e-001
-1.3272335139338920e-001 2.5690989774207201e-001
-1.2557485451031597e-001 2.8603435716779463e-001
-1.3794471740526676e-001 3.0807266751718204e-001
-1.3216325792727904e-001 3.0737774395967360e-001
-1.4096096002596353e-001 3.8632964068605286e-001
-1.2585781965755360e-001 3.1706891838216239e-001
-1.3320299837293909e-001 3.9050592680739815e-001
-1.4003652817580350e-001 4.1256457707081373e-001
-1.2853853262956627e-001 3.5971654928990071e-001
-1.2303512212142796e-001 3.2023644150080349e-001
-1.4055298736761587e-001 4.0853511330613679e-001
-1.4178779781630541e-001 3.9350978094985589e-001
-1.3477674888158422e-001 3.6532260646241099e-001
-1.3000838611927099e-001 3.8440620369747230e-001
-1.2520178893734943e-001 3.2450599416903841e-001
-1.3502519745919900e-001 3.1411718489959511e-001
-1.3821272393003087e-001 3.5207920127551778e-001
8.2557205455948246e-001 3.1534241468445184e-001
8.3008051873942046e-001 3.1117103507145738e-001
8.3747189594599247e-001 3.8873868030032666e-001
8.3602873867223504e-001 3.5319696419586477e-001
8.3340763396271866e-001 3.5935938251459454e-001
8.2805036929151243e-001 2.2142970713561944e-001
8.4192978942692187e-001 6.3169584775566140e-002
8.2345055965860581e-001 -8.7954846238653905e-002
8.3118560117349927e-001 -2.8630971000908373e-001
8.2963483464328791e-001 -3.9634686359196175e-001
8.4192625834168844e-001 -5.5935957706949213e-001
8.3548287120813503e-001 -6.5160952124854532e-001
8.3668071192093163e-001 -8.1184551375597758e-001
8.3487482594750873e-001 -9.3252459226918261e-001
8.3404030080332248e-001 -1.1083041801975440e+000
8.2386843175923519e-001 -1.1681820620757657e+000
8.3538797151124145e-001 -1.2582739556395983e+000
8.2331857147545351e-001 -1.3037152810827497e+000
8.3420390730548288e-001 -1.4465374205670560e+000
-4.5917823994571577e-001 -1.4961741601632625e+000
-4.6397308446044633e-001 -1.5631361703799123e+000
-4.6122353211571865e-001 -1.5829489624278708e+000
-4.6608479347625620e-001 -1.6478199317671141e+000
-4.6804238450000951e-001 -1.6235637657472217e+000
-4.5536098455856644e-001 -1.5549710094856919e+000
-4.6475808111323291e-001 -1.3854388922971472e+000
-4.5430759137869819e-001 -1.2218063016981076e+000
-4.5363127676173243e-001 -1.0928458437524595e+000
-4.6583795515254622e-001 -9.1530028686925180e-001
-4.6643728637097187e-001 -7.0310283503553739e-001
-4.6685409792314136e-001 -5.2187067080883021e-001
-4.5924420114837039e-001 -4.0692580426966674e-001
-4.6760317982086469e-001 -2.4508253052507706e-001
-4.5628342947598077e-001 -1.2294412210195656e-001
-4.6546110254252565e-001 -7.1063487358713831e-005
-4.5208335412308120e-001 1.3634709309183166e-001
-4.6348242566031334e-001 2.3216907490130761e-001
-4.5664480321146977e-001 3.3625482316440936e-001
-3.6462695902750519e-001 3.5963800042886973e-001
-3.6165396930352089e-001 4.6024753432641341e-001
-3.5648226874176586e-001 5.1885782387307477e-001
-3.6174771323427662e-001 6.3671802125303667e-001
-3.6734750272714245e-001 6.9819858541255309e-001
-3.5386683918923273e-001 6.6373013857665009e-001
-3.6715752836823590e-001 6.8366450929502054e-001
-3.5765594902153625e-001 7.2133643918386536e-001
-3.5034985382640454e-001 7.8470859485671207e-001
-3.5993550666388152e-001 7.9875601059317325e-001
-3.5222201005105752e-001 8.5357362931848246e-001
-3.6170067116902832e-001 8.5318724514271815e-001
-3.6638558659978626e-001 7.9546026090483446e-001
-3.6147960458632922e-001 8.6602394984293329e-001
-3.5984381850549735e-001 8.9022198319963386e-001
-3.5209957502791411e-001 8.1209113838154856e-001
-3.6618291959018573e-001 8.6352131583560077e-001
-3.5057714046054961e-001 8.8436546899898127e-001
-3.5803643509308686e-001 8.7052526663846241e-001
-4.4335775264572874e-001 8.6833153545273567e-001
-4.5087545997089584e-001 8.7621959242865888e-001
-4.5167920617229018e-001 9.2494678290757704e-001
-4.5259397698559040e-001 9.0096931894323606e-001
-4.5225156076977474e-001 9.4548363995412499e-001
-4.4848968786561511e-001 8.9482368303420401e-001
-4.5416668891509221e-001 8.9527160736638678e-001
-4.4109963760824528e-001 9.7922023834588245e-001
-4.5143867703044777e-001 9.7229420256802157e-001
-4.4568434214177410e-001 1.0242530698053551e+000
-4.5301822251082763e-001 1.0431917112384079e+000
-4.3975029459784881e-001 1.0022165425229070e+000
-4.3904627970854476e-001 1.0299166543387837e+000
-4.5039151942450123e-001 1.0242787493116690e+000
-4.4845575122935266e-001 1.0734535309646898e+000
-4.5148419651171268e-001 1.0469143189202761e+000
-4.4884864740149877e-001 1.0856473515875784e+000
-4.3777905129600803e-001 1.1064742940590351e+000
-4.5208192059825353e-001 1.0669109939168453e+000
-3.3154947852939676e-001 1.0529919025535845e+000
-3.2976037304726202e-001 1.1316480080293856e+000
-3.2948881332818236e-001 1.1119927955586248e+000
-3.1935068271270300e-001 1.0699857511795869e+000
-3.3627833913219912e-001 1.1090588692903622e+000
-3.2571822776839221e-001 1.0814312836462270e+000
-3.2010773534393355e-001 1.0775749363698346e+000
-3.3198215350410981e-001 1.0645695707328413e+000
-3.2496052111315415e-001 1.0618794027382832e+000
-3.3721715885249581e-001 9.9769320334132405e-001
-3.2069625241610716e-001 1.0692558197338529e+000
-3.2212853758085119e-001 1.0212694520752108e+000
-3.3340876833646677e-001 1.0428692279677274e+000
-3.2489561911319070e-001 9.6569175308624566e-001
-3.3344248139708987e-001 1.0155984134180707e+000
-3.3366598263525649e-001 9.2853166337049742e-001
-3.2478565473750293e-001 9.9614438739789812e-001
-3.2651765982412079e-001 9.8898335327693698e-001
-3.1764854395576014e-001 9.6065403314667308e-001
-4.8611814609876465e-002 8.7581217883320583e-001
-4.7514279643491579e-002 8.8032842457271965e-001
-5.2019078172656850e-002 9.5530440333980970e-001
-5.9308810746270563e-002 8.7804949091929796e-001
-5.1092705101891893e-002 8.8331516484547457e-001
-4.4320144630854312e-002 8.8972668458649906e-001
-5.2506744581556443e-002 8.2202517372969208e-001
-6.2891213772582069e-002 7.4395561138783983e-001
-4.4621684787929314e-002 6.7698082588883779e-001
-6.0224225170649667e-002 7.0812012889150688e-001
-5.3649479566035697e-002 6.2577380842263297e-001
-4.5757538523754873e-002 5.9746862783670551e-001
-4.9566303221873768e-002 5.4916236457769774e-001
-5.4380298784985702e-002 5.4187456209244156e-001
-4.6456600029454731e-002 4.4889384904073526e-001
-5.0593708097086618e-002 4.6002905296580743e-001
-5.1517299887309582e-002 3.9569881026359055e-001
-4.4841643630142772e-002 4.3283900137233383e-001
-5.6914715910905321e-002 3.7552702435337254e-001
5.9803251968474747e-001 3.5883413354838645e-001
6.1427018656437049e-001 3.5561685481443234e-001
6.0317249274457219e-001 3.5129222716265429e-001
6.0186829802620301e-001 2.4083966852407415e-001
6.1014795586767812e-001 2.4436195493197038e-001
6.0065561352450536e-001 1.2238781658004841e-001
6.1367529213968486e-001 1.2599940393450408e-002
5.9916829426940332e-001 -2.9546691656863813e-002
6.1520411316199164e-001 -1.5807970052668849e-001
6.1354377130761906e-001 -3.1037634464457836e-001
5.9913011587235798e-001 -3.5277045060726625e-001
6.0568715773719617e-001 -5.1970481959552084e-001
6.1230525294463745e-001 -6.4490808780625952e-001
6.0687460431094420e-001 -6.4791254076829996e-001
6.0282103675705745e-001 -7.5014945272063138e-001
6.0591191453177706e-001 -8.2370555710101889e-001
6.0873795684056120e-001 -9.3168910196882515e-001
6.1204135811169535e-001 -1.0039050500606432e+000
5.9676995141114364e-001 -1.0504136814701248e+000
-3.2698020655259041e-001 -1.1227012409410804e+000
-3.4056145255877185e-001 -1.1789849077018699e+000
-3.2790552001779072e-001 -1.1262560395880195e+000
-3.3649830689285659e-001 -1.2228491570667630e+000
-3.2986361791222152e-001 -1.1635322570150035e+000
-3.2400690041680752e-001 -1.1342865136864986e+000
-3.3860720082838325e-001 -1.0044655812408834e+000
-3.2568364526656313e-001 -9.3010777284857638e-001
-3.3870151911098884e-001 -8.1346288293024482e-001
-3.4235745790609606e-001 -6.2919692226481094e-001
-3.3122429735310011e-001 -5.0664082215073647e-001
-3.2554626956540428e-001 -4.0144617427224771e-001
-3.4165940851646004e-001 -2.6779341208343233e-001
-3.2895858073743867e-001 -1.4615915947654540e-001
-3.4210636714190962e-001 -6.1140424616860339e-002
-3.3861275385539757e-001 1.5873579234756689e-002
-3.3213451755049450e-001 4.2014257933202820e-002
-3.2867728022798570e-001 1.2854492732140699e-001
-3.2878434772978149e-001 2.5965768723629412e-001
5.2859201149838997e-002 2.9431791172540606e-001
5.2891673833181371e-002 2.9720916064132469e-001
4.3609436167708737e-002 3.6233133922602534e-001
5.1832279085423143e-002 4.3641340039713616e-001
5.1254151279920064e-002 4.7357520521342689e-001
4.9456933005031095e-002 4.3615591140384008e-001
6.0226391615493355e-002 4.4654387191958378e-001
4.2880396663343923e-002 3.8787060864555656e-001
6.0098651711874458e-002 3.9136592169020146e-001
5.9376039286128258e-002 2.9000086642969070e-001
5.1021280708982743e-002 2.9260348079851450e-001
5.3016749206394945e-002 2.5457393702192066e-001
4.3683221735613009e-002 1.7519014675488348e-001
5.4934435880919674e-002 2.0020518293800707e-001
6.1810291256842412e-002 1.4488693940855260e-001
4.7248157151859142e-002 1.0894179041793070e-001
5.1258029364333331e-002 1.0156921163525273e-001
4.7727351446317748e-002 9.1414867193740548e-002
4.7061650247112410e-002 3.7297745967386949e-002
-7.2270367883875530e-002 8.2362949951483633e-002
-6.2228540955765743e-002 6.7430937353634895e-002
-6.0706953208676979e-002 -2.7038028291022864e-002
-7.4736117203322197e-002 2.2793431910228860e-002
-7.2729107131945442e-002 1.6843852342932279e-002
-6.9160838791319346e-002 2.3522961799801925e-002
-7.7792962663125687e-002 -5.2071205146293469e-003
-6.7155331076076741e-002 5.8736742248086810e-002
-5.9326921780749331e-002 7.0432585733125556e-003
-6.7830861833789988e-002 1.1070065077924861e-002
-7.3949197866064298e-002 3.3895782625933291e-002
-6.5362050745365566e-002 7.9134523055667885e-002
-6.5593065970169367e-002 5.1164546262150237e-002
-7.3698258250028639e-002 6.3934438759827003e-002
-6.2163056522472573e-002 6.2364625389903776e-002
-7.5265862264058722e-002 9.6563519804852171e-002
-5.8608593908604414e-002 6.0134846160942369e-002
-6.2107175489504104e-002 1.1282042702004830e-001
-6.1392305821171611e-002 1.2723829774048420e-001
9.2208060956113391e-001 1.1325784657074063e-001
9.2944972970395334e-001 1.1321794485438610e-001
9.3445353890909344e-001 1.4739706656544627e-001
9.2432613959566767e-001 1.8009573362550779e-001
9.2172425547264103e-001 8.6248655216612985e-002
9.2737624891802850e-001 2.5416338852351492e-002
9.3213268835984620e-001 -9.8332302912325587e-002
9.3068332447079216e-001 -3.3565807683181959e-001
9.3438137055540871e-001 -4.0982444571745152e-001
9.1792566635239725e-001 -6.5350944766134900e-001
9.1632659993969967e-001 -7.6037411797076560e-001
9.2987761537027813e-001 -8.6345125466112271e-001
9.1509654707328814e-001 -9.9632775414842623e-001
9.1825778258467106e-001 -1.1924028974682270e+000
9.3104836632500076e-001 -1.2400492950738313e+000
9.2333352268141666e-001 -1.3978484662764479e+000
9.2941997440146595e-001 -1.4666970570269176e+000
9.2837987311727155e-001 -1.5812221343213015e+000
9.2766207839553660e-001 -1.6172683771700873e+000
8.9862373527379913e-001 -1.6881820545623201e+000
8.8145981361195758e-001 -1.8026829751943538e+000
8.9739683156631755e-001 -1.8073343623479901e+000
8.8857012072056862e-001 -1.8973151937817214e+000
8.9030752014685488e-001 -1.9665556950201832e+000
8.8692911580873646e-001 -1.9687959640411008e+000
8.8938230994954204e-001 -2.0103267513092109e+000
8.8292285344674915e-001 -2.0413580565015166e+000
8.9690116748908733e-001 -2.1151873252887770e+000
8.8503892320279343e-001 -2.1221972233928570e+000
8.8195557254058565e-001 -2.1080046204839364e+000
8.8992066258672320e-001 -2.1311939509716660e+000
8.8604941595637909e-001 -2.1600042596052700e+000
8.9104570260019333e-001 -2.1928959826256271e+000
8.8381206986526606e-001 -2.1597603472704976e+000
8.9186623815385757e-001 -2.2010448962395213e+000
8.8938770658730626e-001 -2.1993542069434167e+000
8.8336511414567775e-001 -2.2264039189075326e+000
8.8713106658535135e-001 -2.2134988111375522e+000
-7.1939096133511751e-002 -2.2828698792735627e+000
-7.0577075028266933e-002 -2.2632825308794224e+000
-7.2330941126758252e-002 -2.2076767535104129e+000
-8.5552868075170332e-002 -2.3075005385352401e+000
-6.9962237382555387e-002 -2.2358147854150610e+000
-8.1639935353473567e-002 -2.1215412972299634e+000
-7.4132881617588131e-002 -1.9781274657999586e+000
-8.0909941136943539e-002 -1.8753092539262564e+000
-8.5804027889852613e-002 -1.6701906085030001e+000
-8.1683029967486026e-002 -1.5409221744815951e+000
-8.7750597225125807e-002 -1.3696824686027973e+000
-7.9755846086346796e-002 -1.2661513311272370e+000
-8.1487907728914108e-002 -1.0747752412690830e+000
-7.3611295981949765e-002 -9.5377541937534560e-001
-7.7264333542291577e-002 -8.8619107394548391e-001
-8.7578993661210455e-002 -8.2175141796167428e-001
-8.9528678647879459e-002 -7.1323721304278254e-001
-8.5127032908208763e-002 -6.4486222130368120e-001
-7.7116173806590360e-002 -5.3809956083269161e-001
-9.0279055647510198e-001 -4.7999809800912213e-001
-9.0478782687780079e-001 -3.9681393685049304e-001
-9.0491417943563557e-001 -3.2997063966510121e-001
-9.0466711649512188e-001 -2.8544443291162869e-001
-9.0375749071504563e-001 -2.4634733272478226e-001
-8.8605349462530103e-001 -1.0893364478622566e-001
-8.8548539311851882e-001 1.2982048813895819e-001
-8.9915560182584331e-001 2.4004208004721528e-001
-8.9550766981907526e-001 3.7023946996700302e-001
-9.0343670541249310e-001 5.6970137544340560e-001
-9.0011546727005620e-001 6.9189320493958828e-001
-8.9595993809490149e-001 8.6182822193308239e-001
-9.0365042310303334e-001 1.0405089683929896e+000
-8.9490965089135999e-001 1.1535384744964603e+000
-8.9815284793808825e-001 1.1849624787663675e+000
-8.9193151746861843e-001 1.3541047435250613e+000
-8.9440402215795423e-001 1.4116230382959298e+000
-8.9638448483721667e-001 1.5298056209760793e+000
-8.9679246538316582e-001 1.6266542554598873e+000
-8.8746626516074512e-001 1.6107568406445725e+000
-8.9153668368289796e-001 1.7023621008645913e+000
-8.8746654027351657e-001 1.7385779254900604e+000
-8.7830978956070194e-001 1.8701764028232870e+000
-8.8857402298278232e-001 1.8427263713799458e+000
-8.9233863324482976e-001 1.9319420261200972e+000
-8.8763160889379988e-001 1.9891400576364671e+000
-8.7839955750924581e-001 2.0076660324030411e+000
-8.8688639647911105e-001 2.0006649815183004e+000
-8.7527383535212810e-001 2.0519026599180896e+000
-8.8756171613028445e-001 2.1103600424825304e+000
-8.8651521154775303e-001 2.0610745213562285e+000
-8.8637932325729252e-001 2.1537346216444813e+000
-8.8649079845071121e-001 2.0950504119294080e+000
-8.7650722122363278e-001 2.1898844837929512e+000
-8.8696686068636044e-001 2.1497212213154593e+000
-8.7679442143504638e-001 2.1324025337523413e+000
-8.9417345250252711e-001 2.2154048529063464e+000
-8.9072951718082760e-001 2.2264349231677216e+000
5.8606750593184087e-001 2.2037491850495985e+000
5.8410278835696383e-001 2.2090386030514186e+000
5.8313342099436449e-001 2.2338850588909644e+000
5.9601771059865216e-001 2.2535087215357548e+000
5.9414681875621467e-001 2.1971607947476484e+000
5.8625431046659982e-001 2.0359799091310800e+000
5.7989042194833473e-001 1.7943502016345119e+000
5.8788726816582593e-001 1.5960826796732932e+000
5.7908117978009332e-001 1.3500706276925234e+000
5.9431162205050336e-001 1.1195666766375236e+000
5.9594566482540923e-001 8.8628965432931961e-001
5.8788287886361890e-001 6.9459971848187563e-001
5.8261061289079397e-001 4.6079686405353282e-001
5.8440283458530606e-001 3.0960166172459358e-001
5.9092648590058128e-001 8.6757884368332594e-002
5.7982013771549601e-001 2.1838382419764588e-002
5.8521203135321276e-001 -1.9900531483201919e-001
5.9633588525949233e-001 -2.7819083525770821e-001
5.9541894531752060e-001 -3.9674208381376957e-001
6.5199641375150097e-001 -5.2984168214793648e-001
6.5164945522068474e-001 -6.2802784845821946e-001
6.4169947947875583e-001 -6.8446116068459717e-001
6.5086724911321736e-001 -7.4481573812782320e-001
6.3777296443747289e-001 -8.7518128731100564e-001
6.4647303159308356e-001 -9.4931966701260007e-001
6.4119817892248043e-001 -9.9122636384841356e-001
6.5119346093125141e-001 -1.0619586980601956e+000
6.5028395902614233e-001 -1.0746314508555133e+000
6.3745139622943947e-001 -1.1229190562610654e+000
6.4525700423396992e-001 -1.1855989045419679e+000
6.5101253485557131e-001 -1.2443866212963772e+000
6.3835662343628941e-001 -1.2870758082749367e+000
6.4244776193567066e-001 -1.3193215607502962e+000
6.3882741347753169e-001 -1.3659097652064371e+000
6.4412563235772802e-001 -1.4026619810721461e+000
6.5525909677681227e-001 -1.4211645162721485e+000
6.5537052713461807e-001 -1.4538091694313429e+000
6.5009662253379719e-001 -1.4464413398660658e+000
2.6367726800332159e-001 -1.4574976171626028e+000
2.6612070423181422e-001 -1.5438687852913917e+000
2.7143518540604766e-001 -1.5741987840159761e+000
2.6599825244360586e-001 -1.5208551599259128e+000
2.7181241318305394e-001 -1.4916682753589852e+000
2.7047211214708855e-001 -1.4915004108251388e+000
2.7954714042723733e-001 -1.4303539038171633e+000
2.6781950703291724e-001 -1.3885977441065749e+000
2.7436037523815221e-001 -1.3149025653614890e+000
2.6940687726027274e-001 -1.2821441075272735e+000
2.7489844346307257e-001 -1.2386816841473500e+000
2.7351384261254674e-001 -1.1981232724785853e+000
2.6357264077017817e-001 -1.2099075970948534e+000
2.7525777696481507e-001 -1.1039353378936776e+000
2.7219554642732829e-001 -1.0645307575135188e+000
2.7601784162561710e-001 -1.0418987647750175e+000
2.6415155571070620e-001 -1.0343347253834660e+000
2.7402835701313594e-001 -9.6594293547497434e-001
2.7229930716625095e-001 -9.9947782153308218e-001
7.8240172419591525e-001 -8.9353094493531415e-001
7.7843885313611227e-001 -9.0899952276895435e-001
7.8340997095943976e-001 -8.6837008449217490e-001
7.8864496058130507e-001 -8.9270695664640720e-001
7.7785662631757257e-001 -8.4899941750319163e-001
7.7563563122704560e-001 -9.6066276722302180e-001
7.7149905774805860e-001 -9.3397340441179877e-001
7.8349561009607194e-001 -1.0325148233053802e+000
7.8336127927518806e-001 -1.1702531669652401e+000
7.8088323286995298e-001 -1.2350675933469539e+000
7.8611819411525485e-001 -1.2324203379029248e+000
7.7168825843651423e-001 -1.3593259852310866e+000
7.8366744099396302e-001 -1.4223731807111513e+000
7.8117898177502343e-001 -1.4832558111557050e+000
7.7511227840547237e-001 -1.4929398356575874e+000
7.7431872977843819e-001 -1.5449898990280855e+000
7.8811206567066616e-001 -1.5775298552235184e+000
7.8911661200222993e-001 -1.6186791243882657e+000
7.8019946123903994e-001 -1.6741873338015272e+000
-3.9380253131247595e-001 -1.7562691160384367e+000
-3.8852038618785906e-001 -1.6988056426564442e+000
-3.8303529766912020e-001 -1.8050769589276343e+000
-3.8622532171751178e-001 -1.8338128629366623e+000
-3.8795116268900853e-001 -1.7364536762217122e+000
-3.7966351790939346e-001 -1.6336107916137663e+000
-3.9121018601606866e-001 -1.5153817278083985e+000
-3.8295072284804832e-001 -1.2955303994336052e+000
-3.7952337301469868e-001 -1.1531267621049266e+000
-3.8508171665913893e-001 -9.9323130806847870e-001
-3.9386879241060446e-001 -8.2322055703199748e-001
-3.7402622546380121e-001 -6.2668891880512023e-001
-3.8088767078969143e-001 -5.2480541320959428e-001
-3.8965948346747764e-001 -3.4468330877471909e-001
-3.8250305047806887e-001 -2.5551346054207819e-001
-3.7448759896620842e-001 -1.7199254954431123e-001
-3.7691011293461230e-001 -1.8123098221406349e-002
-3.8037012030268302e-001 1.1362175750652793e-001
-3.8816337096329273e-001 1.6436916670924412e-001
-4.8103056823193957e-001 2.7635978011742346e-001
-4.7798559035203098e-001 2.8904039448042895e-001
-4.8434666809596166e-001 3.8112622644381600e-001
-4.8076509434242848e-001 4.4017899270046623e-001
-4.7561772350403575e-001 5.3857806017356213e-001
-4.7822911826424641e-001 5.7876836961675193e-001
-4.9064297033112214e-001 5.7918896674599663e-001
-4.8452294854874617e-001 6.9742102440270592e-001
-4.8449831713308655e-001 6.9079009201618202e-001
-4.8700712747627517e-001 7.8492385388976105e-001
-4.8304857236971094e-001 8.5003337923034605e-001
-4.7545118209233189e-001 8.4509275485905067e-001
-4.9001133829506099e-001 9.3098560240598105e-001
-4.8114617993015213e-001 9.6980800433884706e-001
-4.8830714841913475e-001 9.3929112599845832e-001
-4.9182020632048079e-001 9.8359613071737373e-001
-4.8297623323774697e-001 1.0045192270323822e+000
-4.9269405020815293e-001 1.0798914560037658e+000
-4.9026471393342153e-001 1.0352186657055700e+000
-4.8980282830943850e-001 1.0354315841767194e+000
-4.8336900627248724e-001 1.1386735247087048e+000
-4.9838713691023701e-001 1.0601655926360207e+000
-4.9932160699253231e-001 1.0880543988833578e+000
-4.9530881668319626e-001 1.1121964355643323e+000
-4.8181386739456084e-001 1.1104474234299910e+000
-4.9867807960037641e-001 1.1989378687372101e+000
-4.9633472180322852e-001 1.1995518960939888e+000
-4.8461527797946052e-001 1.2100997592966427e+000
-4.9826381868044756e-001 1.1949333932056154e+000
-4.8384168084294621e-001 1.1506121218314289e+000
-4.9250841831197623e-001 1.2019305373038847e+000
-4.9526191062779579e-001 1.1764090976897652e+000
-4.9151325422688280e-001 1.1829714857704186e+000
-5.0038719825860245e-001 1.2561907211756151e+000
-4.8649037076257468e-001 1.2721447071506331e+000
-4.8407082082459807e-001 1.1877969630629364e+000
-4.9285949851156607e-001 1.2258811181408780e+000
-4.9923230104865202e-001 1.1999418872489951e+000
-3.0721628509704513e-001 1.2386775934321936e+000
-3.0356606972563915e-001 1.2885143630935920e+000
-3.0669064791176176e-001 1.2438912930465884e+000
-3.1220636513748107e-001 1.2876549720353394e+000
-3.1044535561131614e-001 1.2171906608279217e+000
-3.0505157294085633e-001 1.2348605428893402e+000
-3.0966211288034762e-001 1.1857772394227029e+000
-3.0172697459070497e-001 1.1614783607271759e+000
-2.9510274664358688e-001 1.1732961543272764e+000
-2.9990100391341595e-001 1.1096422951994527e+000
-3.1218389691554038e-001 1.0732026559440704e+000
-2.9526462641288775e-001 1.0879646618194578e+000
-3.0165508017309650e-001 1.0130466646988312e+000
-2.9678511364614607e-001 1.0596987463218250e+000
-3.0945291893756716e-001 9.9020767692394096e-001
-3.0268408175120520e-001 1.0128947010874974e+000
-3.0602438078271937e-001 9.4593676917055391e-001
-3.1051574555941613e-001 9.6586138755692663e-001
-2.9397175369160400e-001 9.1203602452517496e-001
3.4594157115812574e-001 9.2377220948804550e-001
3.4461908414817671e-001 8.8962120631517627e-001
3.4535416259818558e-001 8.5219102569985594e-001
3.3535692798157007e-001 8.9314187638301146e-001
3.4306543842163345e-001 8.1083989942860812e-001
3.3746482955473056e-001 7.3992176296579804e-001
3.4440822518739955e-001 7.1445302564671920e-001
3.3980651238046522e-001 5.5063356199757840e-001
3.5096535301459381e-001 4.3072518980729896e-001
3.3513122973561904e-001 3.2332493156829878e-001
3.4919182157181755e-001 2.6319624724149804e-001
3.5306745559550357e-001 1.5467074942728393e-001
3.4306899333522850e-001 7.2103080900485395e-002
3.3699145131654640e-001 -3.2628575953921345e-002
3.4294016513590769e-001 -8.4662080610090784e-002
3.3869112348491576e-001 -2.2203749513323981e-001
3.4858067692155431e-001 -2.1652023062230871e-001
3.3968379073298827e-001 -2.9386494316717138e-001
3.4271987177661400e-001 -4.0905270362878388e-001
8.0625261354220501e-001 -4.1314004322829728e-001
8.2034410740769936e-001 -4.9924898513133209e-001
8.0648887436940342e-001 -5.0002079485679463e-001
8.1866028699024196e-001 -5.5106660797327367e-001
8.1891102399622540e-001 -5.7003889258731977e-001
8.0276758838570272e-001 -7.1090495638877493e-001
8.1465382512407880e-001 -7.6683914471998593e-001
8.1238499448228818e-001 -9.0422257588624722e-001
8.1670102104212206e-001 -9.7330062614630930e-001
8.0377997560603298e-001 -1.1033234907955198e+000
8.1720410113098363e-001 -1.1148825591422922e+000
8.0847794431529185e-001 -1.1954153377327095e+000
8.1609601695181810e-001 -1.3306217925516446e+000
8.1298695857561543e-001 -1.3474634956938818e+000
8.1583240553381431e-001 -1.5037618112571935e+000
8.0757117926425359e-001 -1.4945797436497805e+000
8.0411800649368104e-001 -1.6009011790228858e+000
8.0357686892513158e-001 -1.6138133898792646e+000
8.0402839788805214e-001 -1.6578230611189380e+000
4.9818611876391361e-001 -1.7175931506877833e+000
5.0094122271763342e-001 -1.7288330355796506e+000
4.9740237733428783e-001 -1.7541587903573534e+000
5.0352063556091464e-001 -1.8452118327875462e+000
5.0631396301660725e-001 -1.8402061669151866e+000
5.0133971184674508e-001 -1.7861758849286082e+000
5.0637981655564790e-001 -1.8496492611378170e+000
5.0640296012834640e-001 -1.7386409267277723e+000
5.0648363306370414e-001 -1.7493741628614090e+000
5.1230509772777455e-001 -1.7445228130723283e+000
5.1600168573179317e-001 -1.7202828076171401e+000
5.1738173033615609e-001 -1.6172548571447201e+000
5.0599086343337096e-001 -1.6114490778422632e+000
4.9865537957861938e-001 -1.5591212079046148e+000
4.9762020445624122e-001 -1.5266899733561807e+000
5.1039185840641665e-001 -1.5898739232081731e+000
5.1017452580305500e-001 -1.5694213050260855e+000
4.9957862151215243e-001 -1.4567398828627485e+000
5.1094263327876654e-001 -1.5251495916624702e+000
4.1446943624775451e-001 -1.4827026119648985e+000
4.0914369422409369e-001 -1.4115487252909642e+000
4.0287940647917897e-001 -1.4787693856763076e+000
4.0327668206493944e-001 -1.3955101485764883e+000
4.0308469120460322e-001 -1.3991602098453302e+000
4.0225018875406937e-001 -1.4403113912762679e+000
4.1799978254700293e-001 -1.3572373719510578e+000
4.1128204602898666e-001 -1.4010108968293720e+000
4.1502268100180351e-001 -1.3113674409780327e+000
4.1937604102768261e-001 -1.3091392138281650e+000
4.0235891820874164e-001 -1.3209508369099114e+000
4.0942666985501969e-001 -1.2522461266324385e+000
4.2039565946833313e-001 -1.2373952063037488e+000
4.1089566214319245e-001 -1.2753086088760561e+000
4.1838242783540042e-001 -1.2500713456120311e+000
4.1623175202998580e-001 -1.2466340647764123e+000
4.1691148818466539e-001 -1.1918703427224806e+000
4.0642169579884352e-001 -1.1647316035828172e+000
4.0375717268667632e-001 -1.1333145815080026e+000
5.0803136721417097e-001 -1.1760427248968315e+000
5.0765402591633790e-001 -1.1951426291645950e+000
5.0475483096023988e-001 -1.1357583921378909e+000
5.0111377319254502e-001 -1.1485365800898766e+000
5.1820034570882656e-001 -1.1294595755397991e+000
5.1301198361219624e-001 -1.0989932507545865e+000
5.0390249346360461e-001 -1.1514381850551905e+000
5.0215007563764325e-001 -1.1428351692761849e+000
5.1839969476377046e-001 -1.1563142832846753e+000
5.0896398324787118e-001 -1.1693993068672679e+000
5.0851122500745216e-001 -1.1737950673037225e+000
5.0114446243378186e-001 -1.2039808139610111e+000
5.0409189907457763e-001 -1.1803046860398150e+000
5.0430557959076916e-001 -1.2188484360635601e+000
5.0816967475352182e-001 -1.2798207494049507e+000
5.0421783597227121e-001 -1.2733614316355903e+000
4.9980401242598366e-001 -1.2627709222316099e+000
5.0503935524131516e-001 -1.2195484806875556e+000
4.9993677185549157e-001 -1.2952219821754976e+000
-7.3872948334798128e-001 -1.3175833329939945e+000
-7.4836596490736618e-001 -1.2542318892505893e+000
-7.5362335888526433e-001 -1.2791571518405909e+000
-7.4505447353778598e-001 -1.2968170432679968e+000
-7.4796554726852227e-001 -1.2027990247298066e+000
-7.5041965302546998e-001 -1.1281278310706802e+000
-7.4177636717480389e-001 -9.7104377960846422e-001
-7.5017593854160014e-001 -7.5234586201783138e-001
-7.3937693816869032e-001 -5.0109684073654970e-001
-7.4378155423134895e-001 -3.4992394684380673e-001
-7.5540848862406551e-001 -1.1015102789117553e-001
-7.4499076626501337e-001 6.6064152215409636e-002
-7.4603492794425597e-001 1.7470947584265550e-001
-7.4773313308649980e-001 3.2950523636424078e-001
-7.4566569421729578e-001 4.8224130827433592e-001
-7.4710836108261747e-001 6.4563775382537769e-001
-7.4785079047319736e-001 7.8380837686943006e-001
-7.5465860186131095e-001 8.9485996199530704e-001
-7.4991057204093314e-001 9.7699280833521940e-001
-9.4426490947446273e-001 1.1198362628249057e+000
-9.2943804522210038e-001 1.1187461245508372e+000
-9.3224475484238234e-001 1.2130284924169517e+000
-9.3805928745526190e-001 1.3397989781888675e+000
-9.3012653308364501e-001 1.3848394381952267e+000
-9.4406432286323194e-001 1.4739346694598883e+000
-9.3752496304376454e-001 1.5379656206499250e+000
-9.2888881045306881e-001 1.6068493604734013e+000
-9.3857610709544192e-001 1.6633241148184879e+000
-9.4381801474109417e-001 1.7679510899418329e+000
-9.4781209578891856e-001 1.7492202845414371e+000
-9.3438989078311319e-001 1.8765699488153036e+000
-9.3773828225802913e-001 1.8711829400262732e+000
-9.3936582855716233e-001 1.9179767543767743e+000
-9.3760007221296215e-001 1.9929047824132688e+000
-9.4055328218088008e-001 2.0326612426791892e+000
-9.3530560163565168e-001 2.1070266240151101e+000
-9.4163513012422839e-001 2.1454533163395242e+000
-9.3847204701755405e-001 2.1683937853071917e+000
-7.2667959777755642e-001 2.2066156988731396e+000
-7.3131468115715936e-001 2.1901397068537500e+000
-7.2212318703847378e-001 2.2271917745869416e+000
-7.3610605552581909e-001 2.2524219699572758e+000
-7.3282319903782456e-001 2.2997766892745828e+000
-7.2944406714046128e-001 2.2289720853759878e+000
-7.3473505901531722e-001 2.2793389466343417e+000
-7.3240480155729126e-001 2.2420799550821107e+000
-7.3471185877063538e-001 2.2309409853683011e+000
-7.3656735459559697e-001 2.2134055493663727e+000
-7.2502760756327200e-001 2.1194405178352822e+000
-7.2880329840263158e-001 2.0948840484004916e+000
-7.3109902600433008e-001 2.0682209017506770e+000
-7.3574115095175907e-001 2.1194551776557380e+000
-7.2505780391355334e-001 2.0542251123161313e+000
-7.3386342433744689e-001 2.0567777028880316e+000
-7.1762521239632882e-001 1.9934554020180015e+000
-7.3186622256235290e-001 2.0004313664116906e+000
-7.3516845901137873e-001 2.0528405670708625e+000
-7.4306121215505061e-001 2.0085480701341125e+000
-7.4464226168096415e-001 1.9765599532607412e+000
-7.3503091519227925e-001 1.9978304235354036e+000
-7.5016117282382500e-001 1.9773310992011093e+000
-7.3506807630315441e-001 1.9894432188538249e+000
-7.3709776894254841e-001 1.9266997724919357e+000
-7.3893920438187444e-001 1.9885475123563041e+000
-7.5131278076846508e-001 1.9919270663499891e+000
-7.4898075513877382e-001 1.9041773296242077e+000
-7.4570959230841027e-001 1.9732818564547816e+000
-7.4391674133536545e-001 1.9310096423178653e+000
-7.3701368880328666e-001 1.9704567435935423e+000
-7.4493372793895896e-001 1.9298857340801714e+000
-7.4239726918847748e-001 1.9165093577279995e+000
-7.4086757616446663e-001 1.8983200177765205e+000
-7.3709600266673991e-001 1.9047590245293713e+000
-7.3871737275468430e-001 1.9293030261248318e+000
-7.4746107693658248e-001 1.9653780727082606e+000
-7.4000815282664667e-001 1.9453413273289033e+000
-9.1030987082975801e-001 1.9824523966101193e+000
-9.1380222301503633e-001 1.9859343812499584e+000
-9.1847066298699342e-001 1.9118945896095403e+000
-9.1814292812732257e-001 1.9708836428691328e+000
-9.1348529555274938e-001 1.9877891836153800e+000
-9.0899370011381853e-001 1.9280830273527334e+000
-9.1599879128497019e-001 2.0225313854441640e+000
-9.1239025119585004e-001 2.0561262052520211e+000
-9.2495878642811036e-001 2.0176161613253645e+000
-9.0985854988811377e-001 2.0767854465540143e+000
-9.1455402922283546e-001 2.1407914688705478e+000
-9.1841946214116721e-001 2.1461083684451490e+000
-9.1374166661432821e-001 2.1684658121588627e+000
-9.2097448910335200e-001 2.1697693684511967e+000
-9.1069037355755655e-001 2.1712466738142959e+000
-9.1623024335174152e-001 2.1844815590440305e+000
-9.1105413125835932e-001 2.2275502794648334e+000
-9.1959572512539911e-001 2.2119855120598082e+000
-9.2233413768759276e-001 2.2918037569769645e+000
-4.3077617792009848e-001 2.2828716193348293e+000
-4.2953232483022419e-001 2.3225890022378470e+000
-4.2851794839556490e-001 2.3024868843483608e+000
-4.4550195734689996e-001 2.3241969395961184e+000
-4.2711936848282900e-001 2.2907385668074407e+000
-4.4467028033964068e-001 2.2221106903797523e+000
-4.2976683566099860e-001 2.1359073166200280e+000
-4.4531219881530376e-001 2.1426247377728838e+000
-4.3798065982816914e-001 2.0340542302181954e+000
-4.3664065195697788e-001 1.9912766785283464e+000
-4.4250532202876586e-001 1.8633603692634797e+000
-4.2804489632376702e-001 1.8334025787631036e+000
-4.3260931920693041e-001 1.7364004753646864e+000
-4.2800451394411493e-001 1.7132382446313961e+000
-4.4206694633482141e-001 1.6600482385193622e+000
-4.2717224538181131e-001 1.5772543662740401e+000
-4.3604209914587239e-001 1.5551869460606280e+000
-4.2747025804943856e-001 1.5159046971430787e+000
-4.4218797617356803e-001 1.4536037493678657e+000
-9.6717305907237994e-001 1.4655564762873341e+000
-9.6481396679581422e-001 1.3824333687202168e+000
-9.7584867921603202e-001 1.3527223309221190e+000
-9.5974886871329124e-001 1.3908109911235098e+000
-9.7301377663504440e-001 1.3497138271877227e+000
-9.6893802070861546e-001 1.4342312121446010e+000
-9.7064331633349166e-001 1.4631735898929616e+000
-9.7815351900348546e-001 1.5121706957927217e+000
-9.7835854161466107e-001 1.5869790724964645e+000
-9.6277780678279234e-001 1.6553420907415823e+000
-9.6503369227904545e-001 1.7828941466489288e+000
-9.7718767293776221e-001 1.8074680848204661e+000
-9.7659013711061682e-001 1.8475443614502824e+000
-9.7160568500174016e-001 1.9555001672715606e+000
-9.6981648785435437e-001 1.9407534280397964e+000
-9.7068875300717439e-001 2.0276515483455255e+000
-9.6679732695110998e-001 2.1242853124416117e+000
-9.6420714267079544e-001 2.1659452792986449e+000
-9.7591945842362038e-001 2.1360462172744930e+000
3.2345692457920078e-001 2.2296520485926381e+000
3.1952516652840657e-001 2.1848335793155087e+000
3.1969178449004682e-001 2.2780064007550433e+000
3.3276960757250768e-001 2.2864095594722813e+000
3.2656452251273016e-001 2.2034719005168046e+000
3.2769309003980623e-001 2.1299430020276802e+000
3.2641775933051054e-001 1.9487651795703933e+000
3.1697333293605340e-001 1.8185797576292029e+000
3.2673345831523953e-001 1.5544261716233410e+000
3.2264941164546340e-001 1.3702248154391456e+000
3.3502648311609862e-001 1.2301506024815021e+000
3.3034906736257053e-001 1.0159455509625994e+000
3.1594751952506911e-001 8.3599759210949265e-001
3.2680839107411097e-001 6.7908784414504786e-001
3.3054626269874821e-001 5.2561825909088067e-001
3.2978598864825442e-001 4.1052604648122076e-001
3.2046159951471770e-001 3.1237934300380638e-001
3.3061572876996481e-001 2.2493979929448593e-001
3.1774206190310345e-001 1.3771542420908806e-001
-3.6049460202106448e-001 4.0508632337947659e-002
-3.4291242386590243e-001 -9.9411931649259044e-002
-3.4611735586845321e-001 -1.2196249824499041e-001
-3.5840872065233215e-001 -1.6250243900804331e-001
-3.5789757765119590e-001 -2.6793771507682729e-001
-3.5700156505193620e-001 -1.9609078694234708e-001
-3.5380102707700828e-001 -1.7271386190962890e-001
-3.4592857617165007e-001 -7.1253994265606704e-002
-3.5820687219559666e-001 -4.2757927937036803e-002
-3.5286076348546902e-001 4.3970073243586413e-002
-3.5216263736505898e-001 5.3834826461976779e-002
-3.4551784183770839e-001 1.9857125181390478e-001
-3.5068941231662931e-001 2.2290831141731174e-001
-3.5947330778460779e-001 2.9062006323496259e-001
-3.4722244336540753e-001 3.3265070368356525e-001
-3.5910346901927909e-001 4.5143172606093535e-001
-3.5363064657434534e-001 4.6695599471910842e-001
-3.4552038218408676e-001 4.8036222853925137e-001
-3.4224378123399685e-001 5.4133106032797473e-001
-6.5838529585320527e-001 5.6412227898058653e-001
-6.5924876560365897e-001 5.9161465741703501e-001
-6.5583986182359011e-001 6.0472966691036345e-001
-6.5666454773157801e-001 6.7024516232527720e-001
-6.4626913133075314e-001 6.8697532188688915e-001
-6.6195390033600021e-001 7.9120423744762181e-001
-6.4246783222332160e-001 8.2266339956035539e-001
-6.5206368326724196e-001 8.8341409232479351e-001
-6.6159745641232937e-001 9.2047423172218579e-001
-6.4745318577994782e-001 9.8879929439434722e-001
-6.5795392410606302e-001 1.1162406070748869e+000
-6.4712616842029747e-001 1.1064765189038401e+000
-6.5008142962906768e-001 1.1595467157494372e+000
-6.4910271436062883e-001 1.2674666443752822e+000
-6.6135823741360078e-001 1.2685817613522143e+000
-6.5086998473281010e-001 1.2600750737181006e+000
-6.4657632028043965e-001 1.3829583445596765e+000
-6.4973000145259940e-001 1.3896747792029311e+000
-6.5963918004793742e-001 1.4246600541385128e+000
-6.3019682000888533e-001 1.4506981997886692e+000
-4.8012877699613188e-001 1.4798767307700873e+000
